
1 2
0 1 2
17 4!
17 3 4!
17 0 3 1 2 4!
8 7
8 6 7
11 10
11 9 10
11 8 9 6 7 10
17 0 11 3 8 9 1 6 7 10 2 4!
41 14!
41 12 14
17 16
15 17 16
15 41 17 12 14 16
19 20
18 19 20
21 22
23 24
23 21 22 24
23 21 18 19 22 24 20
15 23 21 18 41 19 22 24 17 20 12 14 16
15 23 21 18 41 19 22 24 17 17 20 0 11 3 8 9 1 6 7 12 10 14 2 16 4
27 26
27 25 26
30 29
30 29 28
30 27 25 29 26 28
32 33
32 31 33
36 35
34 36 35
34 36 32 35 31 33
34 30 27 36 32 25 29 35 31 26 33 28
39 38
39 38 37
42 41
40 42 41
40 39 42 41 38 37
44 45
44 45 43
47 46
48 49
47 48 46 49
44 45 47 48 43 46 49
40 39 42 44 41 38 45 47 48 43 46 49 37
34 40 39 42 44 30 41 38 27 45 47 36 32 25 29 48 43 46 35 31 49 26 33 37 28
34 40 15 23 21 39 18 42 44 30 41 41 38 27 45 47 19 36 32 25 29 48 22 24 17 17 20 43 0 11 3 8 46 9 1 35 31 49 6 7 12 10 26 14 2 33 37 28 16 4
34 40 15 23 21 39 18 42 44 30 41 41 38 27 45 47 19 36 32 25 29 48 22 24 17 17 20 43 0 11 3 8 46 9 1 35 31 49 6 7 12 10 26 14 2 33 37 28 16 4
