0.012999 98
0.801371 1
0.176483 1
0.080121 1
0.127988 1
0.095748 1
0.159643 1
0.192487 1
0.096324 1
0.081314 2
0.462884 11
0.000167 112
0.415374 1
0.191699 1
0.208250 1
0.463736 4
0.127929 4
0.144109 4
1.792160 1
0.176238 1
0.256392 1
0.112224 1
0.079452 1
0.432066 11
0.000118 118
0.751614 1
0.031952 1
0.111825 1
0.108098 1
0.214713 5
1.354262 1
0.159437 1
0.128027 1
0.031658 1
0.192936 1
0.079207 1
0.095993 1
0.115131 4
0.508658 11
0.001640 47
0.000781 61
0.000413 193
0.004921 118
5.000891 1
0.160080 1
0.176078 1
0.143978 1
0.079582 1
0.143615 1
0.096594 1
0.047990 1
0.175841 1
0.076048 1
0.096272 1
0.063625 1
0.192184 1
0.191970 1
0.112086 11
0.001000 789
0.000248 118
6.398793 1
0.128110 1
0.160734 1
0.126757 1
0.096870 1
0.095250 1
0.176322 1
0.320659 11
0.000181 971
3.883375 1
0.160252 1
0.096162 1
0.095604 1
0.128404 1
0.175208 11
0.000171 112
0.400004 1
0.143853 1
0.144564 1
0.095079 1
0.084125 1
0.044589 1
0.162579 1
0.119628 45
0.678107 4
0.784061 28
0.000042 2
0.000223 112
0.430890 1
0.176554 1
0.112487 1
0.095790 1
0.112139 1
0.079077 1
0.112558 1
0.351919 11
0.000183 122
1.564137 1
0.015266 1
0.128450 1
0.181766 6
0.954025 11
0.010965 61
0.000869 34
1.002979 26
0.000136 61
0.006618 34
10.000425 26
0.000221 61
0.006608 34
0.997138 35
0.000146 26
0.000263 122
3.726424 1
0.144223 1
0.095897 1
0.223612 1
0.144553 1
0.271936 11
0.000164 112
0.223853 1
0.175459 1
0.096372 1
0.112473 1
0.175692 1
0.143881 1
0.143597 1
0.400096 11
0.000238 122
0.927980 1
0.032122 1
0.143974 1
0.166014 6
0.665615 1
0.176611 1
0.496171 11
0.000199 10
0.000184 122
0.006698 42
0.000179 39
6.549592 11
0.000038 122
1.551362 1
0.143879 1
0.175643 1
0.111968 1
0.112405 1
0.095355 1
0.256440 1
0.079905 1
0.128095 1
0.319827 1
0.079945 1
0.176096 1
0.816562 1
0.575524 1
0.240689 1
0.159748 1
0.063653 1
0.207749 11
0.000217 172
7.372204 17
0.095414 1
0.499971 1
0.032938 1
0.033281 1
0.033399 1
0.032812 1
0.472184 3
0.112020 11
0.128451 11
0.000277 39
0.000238 122
0.683154 18
0.223748 1
0.499846 1
0.033062 1
0.033235 1
0.032466 1
0.521849 15
0.079824 11
0.143499 3
0.544319 3
0.159841 3
0.192306 3
0.191464 3
0.833015 4
1.647706 1
0.464205 11
0.000196 161
4.493606 1
0.001744 1
0.124345 1
0.127693 6
9.820666 1
1.120205 1
0.399880 1
1.487945 11
0.000255 10
0.000115 122
0.000955 42
0.001057 39
2.842330 11
0.000175 122
0.528325 1
0.432880 1
0.205751 1
0.080594 1
0.191487 1
0.384834 4
0.175494 1
0.096039 1
0.271513 1
0.384451 4
0.705564 1
0.001496 1
0.236990 4
0.095905 4
0.111871 1
0.096405 1
0.351582 1
0.176239 1
0.128689 1
0.239772 1
0.255745 4
0.127848 1
0.144339 1
0.511589 1
0.240168 1
0.112087 1
0.095624 1
0.067334 1
0.252835 4
0.209067 1
0.591558 11
0.000175 161
0.639090 18
0.587706 4
0.080495 1
0.160103 11
0.000348 122
3.920084 1
0.287371 1
0.128446 1
0.127683 1
0.083347 1
0.188709 4
0.127875 4
0.144332 4
0.127943 4
0.399888 1
0.064028 1
0.128316 1
0.079592 1
0.176830 1
0.543127 1
0.320101 1
0.816635 4
0.112056 1
0.223727 1
0.315746 1
0.112112 1
0.096285 1
0.080053 1
0.079953 1
0.111744 1
0.066697 1
0.556905 1
0.080794 1
0.127106 1
0.256845 1
0.303683 1
0.127827 1
0.160479 1
0.080012 1
0.095655 1
0.127360 1
0.079954 1
0.193266 1
0.127751 1
0.127590 1
0.192019 1
0.720066 1
0.111727 1
0.112472 1
0.096150 1
0.081971 1
0.125614 1
0.080242 1
0.175890 1
0.079492 1
0.129006 1
0.863711 1
0.224342 1
1.344070 11
0.000378 10
0.000973 10
0.000061 10
0.000237 10
0.000141 122
0.509516 1
0.049133 1
0.094902 1
0.224206 1
0.128129 1
0.078727 1
0.157183 1
0.863254 1
0.128430 1
0.127829 1
0.112565 1
0.367725 5
0.035198 5
0.717159 11
0.000009 236
0.000049 47
0.000211 122
0.671428 7
5.248496 11
0.000144 283
0.000030 122
4.347593 7
1.456715 11
0.000137 279
0.000213 122
4.907036 7
0.608394 11
0.000012 187
0.000022 122
2.176299 1
0.223737 1
0.544043 1
0.112361 1
0.082904 1
0.204475 1
0.192421 1
0.288019 4
0.143650 4
0.112295 4
0.095872 4
0.111450 4
0.128298 4
0.080366 4
1.279594 7
0.496471 151
0.000121 122
9.751879 1
0.144052 1
0.176550 1
0.112042 1
0.191473 1
0.096153 1
0.191466 1
0.448742 1
0.351874 1
0.112177 1
0.159265 1
0.083415 1
0.492831 11
0.000301 122
0.287324 12
0.416550 4
0.050805 1
0.125806 11
0.000165 40
0.000171 122
0.302811 12
0.160017 2
0.608237 23
0.400083 11
0.000122 46
0.000092 122
2.159889 7
0.143667 19
0.160253 2
0.175834 23
0.288079 50
0.240139 66
0.411653 61
1.376213 11
0.000311 10
0.000172 10
0.000139 10
0.000187 10
0.000172 122
0.527385 1
0.159646 1
0.288126 1
1.007792 1
0.144616 1
0.592438 11
0.000130 10
22.281154 128
0.000053 114
1.499371 1
0.159812 1
0.095540 1
0.096056 1
0.143594 1
0.208177 11
0.000236 112
0.192100 1
0.144380 1
0.160283 1
0.079262 1
0.079872 1
0.255910 11
0.000226 118
1.103676 1
0.084700 1
0.001812 1
0.073956 1
0.511882 4
0.128008 4
0.256007 1
0.176260 1
0.127809 1
0.160338 1
0.080018 1
0.223492 1
0.064329 1
0.152507 8
0.967464 11
0.004642 32
2.758858 2
0.031951 331
0.002833 118
16.710633 1
0.143740 1
0.095879 1
0.192078 1
0.144063 1
0.240294 11
0.000215 112
0.175287 1
0.159411 1
0.112961 1
0.050245 1
0.173636 1
0.239869 11
0.000195 118
0.879585 1
0.191918 1
0.144435 1
0.048332 1
0.383144 1
0.128560 1
0.191406 1
0.288312 4
0.127891 4
0.128739 4
0.175547 1
0.351982 1
0.319875 1
0.304031 1
0.304572 1
0.063434 1
0.320434 1
0.159714 1
0.087624 7
1.080318 1
0.492494 11
0.007868 59
0.001640 118
4.886094 1
0.240323 1
0.143967 1
0.079934 1
0.207541 1
0.176198 1
0.069870 4
0.730564 1
0.175790 1
0.130145 4
0.654265 1
0.386257 1
0.062079 1
1.197922 2
0.765505 11
0.007359 74
0.000235 118
2.169560 1
0.127094 1
0.144054 1
0.048313 1
0.127361 1
0.160369 1
0.031891 1
0.195213 3
0.572959 1
0.114707 4
0.541207 11
0.000978 28
0.000309 118
15.015754 1
0.143157 1
0.112516 1
0.066460 1
0.092904 1
0.080380 1
0.528221 1
0.128071 1
0.384472 11
0.007613 124
0.000298 118
1.175250 1
0.208349 1
0.560036 1
0.351696 1
0.271832 1
0.128374 1
0.607832 1
0.288247 4
0.127798 4
0.499703 4
0.032899 4
0.033563 4
0.033014 4
0.032521 4
0.033262 1
0.032889 1
0.033263 1
4.496933 1
0.080138 1
0.063778 1
0.096444 1
0.479764 1
0.096434 1
0.095432 1
0.208517 11
0.001642 74
0.000034 72
0.000069 176
0.000143 144
0.000073 144
0.000126 243
0.000092 149
0.000454 118
1.069238 1
0.192223 1
0.143278 1
0.272331 1
0.223266 1
0.224817 4
0.143589 4
0.080001 1
0.096399 1
0.191984 1
0.070358 4
1.093653 1
0.130032 1
0.781939 1
0.067304 1
0.332980 1
0.223216 1
0.069636 6
0.234797 1
0.335932 4
0.671754 1
0.098425 1
0.574504 1
0.098353 6
0.845171 11
0.001001 7
0.000247 8
0.000152 110
10.122951 1
0.144453 1
0.112213 1
0.112042 1
0.127325 1
0.287425 11
0.000179 112
0.112475 1
0.159589 1
0.160238 1
0.191999 1
0.160237 1
0.287801 11
0.000112 118
1.052916 1
0.002164 1
0.253330 1
0.079660 1
0.149204 10
0.666710 11
0.006718 54
0.000449 58
0.001846 435
0.000066 293
1.000793 95
1.000108 95
1.000440 95
1.000208 95
0.996231 103
0.004311 95
0.999774 95
1.000148 95
1.000243 95
1.000322 95
0.995437 103
0.004723 96
1.000120 96
1.000485 96
1.000296 96
0.999978 96
0.994665 103
0.005504 96
1.000320 96
1.000017 96
1.001007 96
0.999389 96
0.993970 103
0.006235 165
4.994046 103
5.000425 103
5.000282 103
5.000093 103
5.000196 103
5.000312 104
0.000696 55
0.002598 728
0.000583 113
0.000413 118
22.406443 1
0.002097 1
0.156374 1
0.224227 1
0.111822 10
1.040012 1
0.128200 1
0.367533 11
0.007010 27
0.000213 27
1.000078 57
1.000209 57
1.000223 57
1.000531 57
0.999161 67
0.000276 31
0.000132 44
0.000389 118
2.620422 1
0.192105 1
0.112667 1
0.095694 1
0.127307 1
0.079598 1
0.160588 1
0.191729 1
1.408158 4
0.500173 4
0.033020 4
0.034092 4
0.032166 4
0.033453 4
0.032452 4
0.033287 4
0.032810 1
0.033025 1
0.033061 1
0.033683 1
0.032213 1
0.033179 1
2.235860 1
0.031847 1
0.160166 1
0.127630 1
0.127896 4
0.480267 11
0.001605 27
0.000202 27
1.000286 57
1.000108 57
1.000183 57
1.000263 57
0.999645 67
0.000322 75
0.000492 118
7.056964 1
0.160370 1
0.144156 1
0.144568 1
0.175472 1
0.368244 11
0.000145 112
0.223547 1
0.160166 1
0.176340 1
0.127520 1
0.112196 1
0.127868 11
0.000150 118
0.411400 1
0.496703 4
0.431694 1
0.079936 1
0.208031 1
0.293858 1
0.393735 1
0.143756 1
0.128115 5
1.344530 1
0.159953 1
0.079882 10
0.720091 11
0.007485 36
0.680071 24
0.591483 2
0.000156 2
0.000134 118
3.356832 21
0.319461 1
0.416495 3
0.304654 4
0.500258 4
0.033524 4
0.031614 4
0.033143 4
0.033511 4
0.032613 4
0.033259 4
0.032467 4
0.033577 4
0.195932 4
0.127852 4
0.815859 1
0.080117 1
0.207987 1
0.064395 1
0.286713 8
1.520901 4
0.527862 11
0.006560 36
0.585442 31
0.367771 31
0.336187 31
0.287613 31
0.256269 31
0.256226 31
0.319943 2
0.000171 2
0.000159 118
3.789192 1
0.159215 1
0.127732 1
0.127930 1
0.128025 1
0.592237 1
0.224040 4
0.112392 1
0.142735 1
0.464454 1
0.130472 14
2.269525 1
0.499782 1
0.033187 1
0.033437 1
0.031860 1
0.032924 1
0.033079 1
0.032902 1
0.033448 1
0.032678 1
0.032567 1
0.033344 1
0.033510 1
0.032847 1
0.032984 1
0.033534 1
0.032691 1
0.032345 1
0.033789 1
0.247580 3
0.143640 3
0.256600 39
0.112249 39
0.127331 39
0.112613 37
0.095314 1
0.752341 35
0.079433 35
0.688607 11
0.006823 36
0.936640 31
0.528239 31
0.224758 31
0.190468 31
0.224300 31
0.224046 31
0.335898 2
0.007516 6
0.000103 118
4.901323 1
0.127713 1
0.176229 1
0.112602 1
0.127812 1
0.079819 1
0.175604 1
0.208455 11
0.000176 853
0.000104 118
5.103855 1
0.127417 1
0.112867 1
0.143478 1
0.128315 1
0.303407 11
0.000240 8
0.000126 104
0.114208 1
0.154058 1
0.127966 1
0.115729 1
0.062531 1
0.141258 11
0.000189 118
0.368206 1
0.032011 1
0.063568 1
0.373447 17
0.075011 1
0.463602 4
1.328807 1
5.360255 11
0.000294 10
0.000115 118
1.547324 1
0.111937 1
1.215044 11
0.001713 132
0.000120 28
0.000412 118
0.918474 1
0.167803 1
0.192354 1
0.112143 1
0.143548 1
0.096096 1
0.224645 1
0.271334 1
0.256165 1
2.799897 1
0.304597 1
0.448069 1
0.127767 1
0.395646 11
0.000207 138
0.320330 13
1.647679 4
0.143076 4
0.128892 4
0.127831 4
0.127823 4
0.144428 4
0.128213 4
0.143807 1
0.095918 1
0.544145 4
0.191608 1
0.144131 1
0.320413 1
0.496290 4
0.207297 1
0.143977 1
1.072418 1
0.383664 1
0.096407 11
0.000117 138
2.763166 13
0.223936 1
0.500281 1
0.033507 1
0.032803 1
0.033322 1
0.536786 15
0.096107 11
0.128035 11
0.000190 118
2.927662 1
0.050789 1
0.285196 11
0.002089 91
0.000130 28
0.000313 51
0.000182 118
4.233253 1
0.144686 1
0.112748 1
0.095207 1
0.160182 1
0.191705 11
0.000174 112
0.095864 1
0.143966 1
0.096093 1
0.079522 1
0.082240 1
0.158130 11
0.000141 118
1.167485 1
0.176335 1
0.112256 1
0.127727 1
0.159676 1
0.051122 1
0.157503 1
0.856024 6
0.215552 1
0.255808 4
0.160226 4
0.192213 1
0.175892 1
0.095492 1
0.160642 1
0.655962 1
0.256192 1
0.143951 1
0.180889 2
0.794641 1
0.191843 1
0.252508 1
0.160113 1
0.050401 1
0.189814 1
0.159773 1
0.100413 4
0.572107 1
0.223343 4
0.095914 1
0.192231 1
0.083195 1
0.140869 1
0.101869 2
0.633912 1
0.463852 1
0.464148 1
0.127127 1
0.208627 1
0.080177 1
0.082629 1
0.141583 1
0.064185 1
0.160110 1
0.335947 1
0.063786 1
0.208342 1
0.063650 1
0.130865 6
0.429277 1
0.161842 5
0.558180 1
0.432226 11
0.210353 165
0.000426 58
0.000143 58
0.002909 118
13.250494 1
0.095558 1
0.112619 1
0.079535 1
0.127960 1
0.207885 1
0.048197 1
0.128385 1
0.111570 1
0.114734 6
0.301554 1
0.130449 5
0.461702 11
0.010294 54
0.000076 76
0.000438 24
0.003646 118
12.905832 1
0.208047 1
0.127911 1
0.095845 1
0.128484 1
0.050420 1
0.109476 1
0.192062 1
0.356932 4
0.602774 1
0.165534 5
0.538283 1
0.320108 1
0.181168 1
0.219251 1
0.148643 2
0.587519 1
0.158917 1
0.209051 1
0.095555 1
0.066416 1
0.125786 1
0.132845 5
0.539420 1
0.117651 5
0.458062 1
0.175749 1
0.751721 1
0.640221 1
0.112553 1
0.128095 1
0.080418 1
0.047670 1
0.080281 1
0.107305 1
0.159920 1
0.789614 1
0.001479 1
0.649073 1
0.145941 7
0.622057 1
0.131856 5
0.860420 3
0.240132 621
0.160041 3
0.159629 1
0.640117 1
0.223008 1
0.160827 1
0.160135 1
0.127581 1
0.080129 1
0.480025 11
0.226465 56
0.000153 10
0.002978 118
1.498725 1
0.192166 1
0.127649 1
0.079897 1
0.112814 1
0.066367 1
0.109082 1
0.229070 5
0.630610 1
0.149757 5
0.410550 1
0.112279 1
0.117574 1
0.393917 1
0.117732 2
0.410774 1
0.160092 1
0.176375 1
0.111782 1
0.079629 1
0.068953 6
0.491177 1
0.197290 5
0.410670 1
0.143690 1
0.133246 1
0.555107 1
0.560444 1
0.094820 1
0.177182 1
0.063583 1
0.079536 1
0.160001 1
0.208115 1
0.224302 1
0.495954 1
0.039789 1
0.248616 1
0.111344 1
0.098633 6
0.637768 1
0.178374 5
0.461970 3
0.191580 1
0.476252 11
0.223615 41
0.003202 118
2.365511 1
0.143906 1
0.159541 1
0.176431 1
0.143177 1
0.240363 11
0.000148 112
0.240101 1
0.159862 1
0.112437 1
0.159159 1
0.144944 1
0.191607 11
0.000127 98
0.287830 1
0.191966 1
0.112355 1
0.159338 1
0.624414 17
